lastAccountName: Capt4inNem0
timestamps:
  login: 1577210040068
  lastteleport: 1577210496730
  logout: 1577062797876
ipAddress: 192.168.0.20
afk: false
lastlocation:
  world: world
  x: -571.5
  y: 147.0
  z: -507.5
  yaw: -272.30804
  pitch: 31.050013
logoutlocation:
  world: lobby
  x: -145.01936388989023
  y: 110.21070641260425
  z: -211.64999531834286
  yaw: -7.873535
  pitch: 53.399967
