lastAccountName: Capt4inNem0
timestamps:
  login: 1577060194948
  lastteleport: 1577060859794
  logout: 1577062797876
ipAddress: 25.10.124.161
afk: false
lastlocation:
  world: lobby
  x: -140.27217669261412
  y: 91.35386492543043
  z: -167.82964642990635
  yaw: -92.536194
  pitch: 34.199966
logoutlocation:
  world: lobby
  x: -145.01936388989023
  y: 110.21070641260425
  z: -211.64999531834286
  yaw: -7.873535
  pitch: 53.399967
