lastAccountName: Capt4inNem0
timestamps:
  login: 1577213273338
  lastteleport: 1577211589341
  logout: 1577213453499
ipAddress: 192.168.0.20
afk: false
lastlocation:
  world: lobby
  x: -144.7011812523373
  y: 101.0
  z: -167.38281558669428
  yaw: -14.028839
  pitch: 37.350033
logoutlocation:
  world: world
  x: -741.0158876795734
  y: 7.373488251136754
  z: -607.2589678854886
  yaw: -151.1099
  pitch: 14.999956
