lastAccountName: Capt4inNem0
timestamps:
  login: 1577223370000
  lastteleport: 1577223476568
  logout: 1577223728922
ipAddress: 192.168.0.20
afk: false
lastlocation:
  world: lobby
  x: -192.24181076101766
  y: 116.2106820080165
  z: -221.01734781392412
  yaw: -134.62729
  pitch: 10.20001
logoutlocation:
  world: world
  x: -571.119703843012
  y: 178.0
  z: -515.4846997911285
  yaw: 181.59033
  pitch: 48.600105
