lastAccountName: Piterr
timestamps:
  login: 1577113447543
  logout: 1577114884496
  lastteleport: 1577114721043
ipAddress: 25.2.55.34
logoutlocation:
  world: lobby
  x: -127.4590369602911
  y: 84.0
  z: -172.9405018414139
  yaw: 320.32132
  pitch: 40.499947
lastlocation:
  world: world
  x: 1767.3759849450182
  y: 65.0
  z: -773.5049221059307
  yaw: -88.557945
  pitch: 70.04999
nickname: §0Pi§4t§0err
homes:
  home:
    world: world
    x: 1705.492325478006
    y: 77.0
    z: -781.6240886889631
    yaw: 155.05835
    pitch: 26.885426
afk: false
