lastAccountName: pPufliyx
timestamps:
  login: 1577060768168
  logout: 1577063438088
  lastteleport: 1577062867652
ipAddress: 25.69.46.26
logoutlocation:
  world: lobby
  x: -125.60823355278794
  y: 108.86354806728326
  z: -149.03263248944782
  yaw: 21.367554
  pitch: 33.450005
lastlocation:
  world: world
  x: -558.9541899773193
  y: 175.02727254179706
  z: -477.6724918649798
  yaw: -186.50787
  pitch: 16.350004
