spawns: 
  default: 
    world: world
    x: -571.5
    y: 147.0
    z: -507.5
    yaw: -270.65808
    pitch: -3.5999937
  "*": 
    world: world
    x: -571.4785568891022
    y: 147.0
    z: -507.49205879082393
    yaw: -71.60797
    pitch: 90.0
