world: lobby
x: -144.5929497519976
y: 100.5
z: -165.49407102619523
yaw: -270.8286
pitch: 2.100021
name: lobby
