world: world
x: -571.7393560339862
y: 22.0
z: -507.41828361952764
yaw: 90.39266
pitch: 5.6999817
name: mapamundi
