world: world
x: 1769.599065204267
y: 149.49057628681447
z: -773.220430105091
yaw: -88.557945
pitch: 70.04999
name: topr
