world: world
x: -745.355743290964
y: 6.0
z: -607.900352520455
yaw: -2.008545
pitch: 62.700092
name: tutoriales
